1 0.51640625 0.271125 0.054781250000000004 0.05796875
1 0.2346875 0.22903125000000002 0.038906249999999996 0.0393125
1 0.23565624999999998 0.44171875 0.03696875 0.038875
1 0.31437499999999996 0.5760625 0.02640625 0.02634375
1 0.39875 0.58621875 0.039218750000000004 0.047093750000000004
1 0.39696875 0.48231250000000003 0.04553125 0.04821875
1 0.51296875 0.42296875 0.04159375 0.051375000000000004
1 0.34875 0.5743125 0.032625 0.04234375
1 0.5635625 0.43624999999999997 0.0376875 0.0345625
1 0.39775 0.26303125 0.04084375 0.06821875
4 0.28383735464705356 0.44551009979510037 0.23883632370614666 0.5914804745989947 0.26495658114843135 0.6021843006351795 0.31163050200023523 0.4531870454780373