1 0.2570625 0.1743125 0.06109375 0.0518125
1 0.5694375 0.2798125 0.04940625 0.046625
1 0.6995 0.1901875 0.031468750000000004 0.04228125
1 0.53075 0.47725 0.0408125 0.03846875
1 0.65496875 0.43390625 0.02678125 0.054843750000000004
1 0.5903125 0.7198125 0.05059375000000001 0.06118749999999999
1 0.6121875 0.5746875 0.05371875 0.04278125
1 0.6506875 0.6483125000000001 0.058812500000000004 0.0400625
1 0.40634375 0.36165625 0.03571875 0.035312500000000004
1 0.445625 0.21440625 0.03925 0.040749999999999995
1 0.36553125 0.3075625 0.0665625 0.04584375
1 0.38468749999999996 0.24409375 0.05175 0.043875
1 0.31965625000000003 0.48721875 0.02521875 0.0615