1 0.36209375 0.76734375 0.025968750000000002 0.026000000000000002
1 0.3069375 0.731125 0.050624999999999996 0.03178125
1 0.2551875 0.75103125 0.04896875 0.06118749999999999
1 0.151875 0.59246875 0.032937499999999995 0.05021875
1 0.53040625 0.59290625 0.0168125 0.021374999999999998
1 0.49603125 0.51690625 0.02059375 0.0200625
1 0.24465625000000002 0.869 0.046625 0.04403125
1 0.5124375 0.59709375 0.013375000000000001 0.01590625
1 0.51796875 0.613875 0.014593749999999999 0.01565625
1 0.5052187499999999 0.551875 0.0135625 0.0133125
1 0.35171874999999997 0.74021875 0.0230625 0.0246875
1 0.42684375 0.8124375 0.014624999999999999 0.01559375
1 0.22284375 0.7258125 0.01590625 0.0170625
4 0.09687558090730475 0.7740417292515083 0.11737563992785364 0.7759938662016428 0.14178046027333227 0.7929126470785217 0.16032811380554923 0.7886829797852712 0.15772494786421837 0.7776206718165054 0.13592329346007057 0.758749729166408 0.11672482982312064 0.7538693123218204 0.09915337903506967 0.7574482921214432