0 0.02346875 0.71246875 0.0469375 0.056406250000000005
1 0.35675 0.44621875 0.049 0.08884375
1 0.32040625 0.32034375000000004 0.02709375 0.0309375
1 0.21125 0.53409375 0.054843750000000004 0.045906249999999996
1 0.018312500000000002 0.50965625 0.034499999999999996 0.043937500000000004
1 0.05715625 0.496 0.03096875 0.032218750000000004
1 0.1013125 0.54559375 0.02865625 0.03459375
1 0.032375 0.6149375 0.037625 0.03265625
1 0.13474999999999998 0.68475 0.0360625 0.046718749999999996
1 0.1673125 0.78053125 0.0294375 0.029562500000000002
4 0.10638249565816671 0.7522670395001191 0.17523049846265307 0.7571842152514836 0.2675099349178531 0.7513993181799707 0.2811060026539414 0.7415649887448728 0.2680885248012524 0.7314414078359097 0.205893886323855 0.7369370755011887 0.1665521798941937 0.7383832997690669 0.1095645413859141 0.7317306593097748 0.09943983638937819 0.7401187644769945
4 0.08844731277805959 0.7904473734126822 0.12287131418030275 0.8098267697751979 0.12836756495090934 0.7959430079765146 0.11419299561184341 0.7826377491255615 0.13299601917683865 0.7571842152514835 0.11158949562728451 0.7568949527438031
4 0.059808857088122655 0.5977801208922731 0.058073186753399175 0.6304647871395576 0.07456199424048247 0.6434808055504614 0.08410815349382991 0.6350927003832416 0.07398344849729402 0.6186057415226669 0.07947972133800602 0.5980693833999536
4 0.04274780882065472 0.6463527562771619 0.06530511889378196 0.6619924805928286 0.08295103993734758 0.6781901879795382 0.09886129064618972 0.6700913232523679 0.0968363584749247 0.6608354967649998 0.08468669923701837 0.6504226864498028 0.0655944028004289 0.642613062162682 0.05199836816949871 0.6353819408232909