0 0.20603125000000003 0.42109375 0.0676875 0.07568749999999999
1 0.3286875 0.5545312499999999 0.02059375 0.019125
1 0.380625 0.52575 0.029562500000000002 0.017875
1 0.39728125 0.534875 0.0135625 0.0160625
1 0.48131250000000003 0.47815624999999995 0.0258125 0.0205625
1 0.3155625 0.50478125 0.0198125 0.018062500000000002
1 0.284625 0.50575 0.02578125 0.024125
1 0.38534375 0.73515625 0.01740625 0.024281249999999997
1 0.37884375000000003 0.79340625 0.035375000000000004 0.024906249999999998
1 0.43496875 0.73546875 0.03725 0.029656250000000002
1 0.24490625000000002 0.29471875000000003 0.020125 0.0249375