1 0.63165625 0.5148125 0.04484375 0.048375
1 0.5715625 0.49659375 0.03690625 0.03534375
1 0.8115937499999999 0.49190625 0.04428125 0.04159375
1 0.72115625 0.8250624999999999 0.02828125 0.02525
1 0.7168125 0.7110624999999999 0.02278125 0.026375
4 0.2275818244131695 0.5456612343731019 0.16155659021917318 0.46250417961591966 0.2548806862535436 0.41362559490928597 0.29805104472849175 0.4491736675210163 0.24472296909350177 0.44853886624042527 0.20345720377673104 0.46377375796190873 0.25805497589329524 0.5291568369512079
4 0.2599595690514726 0.6828193336392179 0.3310636376075819 0.7031325145294648 0.3469350858063399 0.7183673820357555 0.4472426577968166 0.7431240750293678 0.5037449746357423 0.723445671204519 0.5748491400634835 0.7355066775990118 0.5907205882622415 0.725350050831099 0.6288120639392607 0.7304283399998626 0.6186542983434028 0.7018629361834757 0.5811977193429868 0.6948802673881321 0.5386621606730098 0.6980542011455084 0.49168271275333897 0.6828193336392179 0.4707323817566521 0.6891672011539706 0.4504169474365683 0.6720279540210999 0.4174043061216621 0.682819333639218 0.39264488568025246 0.6618713756835729 0.2967812998111016 0.6510799960654549 0.23964408629557282 0.6599669960569928
1 0.87103125 0.6701875 0.013468749999999998 0.02559375
1 0.6939062500000001 0.63928125 0.018562500000000003 0.0201875
1 0.6721250000000001 0.666375 0.014593749999999999 0.01503125
1 0.5603125 0.6519999999999999 0.01571875 0.01690625
1 0.588375 0.8133125 0.022218750000000002 0.01678125
1 0.6914374999999999 0.57653125 0.016875 0.01515625
1 0.8520937500000001 0.36724999999999997 0.01653125 0.02109375